This number was just read from the file Numbers.txt: 3

Here are your loan repayment schedule(s):

*****************************************************



Performing calculations on the values 1000, 0.035, and 120.

Starting Balance: $1000
Annual Interest Rate: 0.035
Monthly Payment: $120

Payment   Amount    Interest  Principal Balance   

1         120.00    2.92      117.08    882.92    
2         120.00    2.58      117.42    765.49    
3         120.00    2.23      117.77    647.72    
4         120.00    1.89      118.11    529.61    
5         120.00    1.54      118.46    411.16    
6         120.00    1.20      118.80    292.36    
7         120.00    0.85      119.15    173.21    
8         120.00    0.51      119.49    53.72     
9         53.72     0.16      53.56     0.00      

Total payments made: 9.
Total interest paid: $13.87.

**************************************************



Performing calculations on the values 5000.00, 0.04, and 165.00.

Starting Balance: $5000.00
Annual Interest Rate: 0.04
Monthly Payment: $165.00

Payment   Amount    Interest  Principal Balance   

1         165.00    16.67     148.33    4851.67   
2         165.00    16.17     148.83    4702.84   
3         165.00    15.68     149.32    4553.52   
4         165.00    15.18     149.82    4403.69   
5         165.00    14.68     150.32    4253.37   
6         165.00    14.18     150.82    4102.55   
7         165.00    13.68     151.32    3951.23   
8         165.00    13.17     151.83    3799.40   
9         165.00    12.66     152.34    3647.06   
10        165.00    12.16     152.84    3494.22   
11        165.00    11.65     153.35    3340.87   
12        165.00    11.14     153.86    3187.00   
13        165.00    10.62     154.38    3032.62   
14        165.00    10.11     154.89    2877.73   
15        165.00    9.59      155.41    2722.33   
16        165.00    9.07      155.93    2566.40   
17        165.00    8.55      156.45    2409.95   
18        165.00    8.03      156.97    2252.99   
19        165.00    7.51      157.49    2095.50   
20        165.00    6.98      158.02    1937.48   
21        165.00    6.46      158.54    1778.94   
22        165.00    5.93      159.07    1619.87   
23        165.00    5.40      159.60    1460.27   
24        165.00    4.87      160.13    1300.14   
25        165.00    4.33      160.67    1139.47   
26        165.00    3.80      161.20    978.27    
27        165.00    3.26      161.74    816.53    
28        165.00    2.72      162.28    654.25    
29        165.00    2.18      162.82    491.43    
30        165.00    1.64      163.36    328.07    
31        165.00    1.09      163.91    164.17    
32        164.17    0.55      163.62    0.00      

Total payments made: 32.
Total interest paid: $279.71.

**************************************************



Performing calculations on the values 200000.00, 0.06, and 2250.00.

Starting Balance: $200000.00
Annual Interest Rate: 0.06
Monthly Payment: $2250.00

Payment   Amount    Interest  Principal Balance   

1         2250.00   916.67    1333.33   198666.67 
2         2250.00   910.56    1339.44   197327.22 
3         2250.00   904.42    1345.58   195981.64 
4         2250.00   898.25    1351.75   194629.89 
5         2250.00   892.05    1357.95   193271.94 
6         2250.00   885.83    1364.17   191907.77 
7         2250.00   879.58    1370.42   190537.35 
8         2250.00   873.30    1376.70   189160.64 
9         2250.00   866.99    1383.01   187777.63 
10        2250.00   860.65    1389.35   186388.28 
11        2250.00   854.28    1395.72   184992.56 
12        2250.00   847.88    1402.12   183590.44 
13        2250.00   841.46    1408.54   182181.90 
14        2250.00   835.00    1415.00   180766.90 
15        2250.00   828.51    1421.49   179345.41 
16        2250.00   822.00    1428.00   177917.41 
17        2250.00   815.45    1434.55   176482.87 
18        2250.00   808.88    1441.12   175041.75 
19        2250.00   802.27    1447.73   173594.02 
20        2250.00   795.64    1454.36   172139.66 
21        2250.00   788.97    1461.03   170678.63 
22        2250.00   782.28    1467.72   169210.91 
23        2250.00   775.55    1474.45   167736.46 
24        2250.00   768.79    1481.21   166255.25 
25        2250.00   762.00    1488.00   164767.26 
26        2250.00   755.18    1494.82   163272.44 
27        2250.00   748.33    1501.67   161770.77 
28        2250.00   741.45    1508.55   160262.22 
29        2250.00   734.54    1515.46   158746.76 
30        2250.00   727.59    1522.41   157224.35 
31        2250.00   720.61    1529.39   155694.96 
32        2250.00   713.60    1536.40   154158.56 
33        2250.00   706.56    1543.44   152615.12 
34        2250.00   699.49    1550.51   151064.60 
35        2250.00   692.38    1557.62   149506.98 
36        2250.00   685.24    1564.76   147942.22 
37        2250.00   678.07    1571.93   146370.29 
38        2250.00   670.86    1579.14   144791.16 
39        2250.00   663.63    1586.37   143204.78 
40        2250.00   656.36    1593.64   141611.14 
41        2250.00   649.05    1600.95   140010.19 
42        2250.00   641.71    1608.29   138401.90 
43        2250.00   634.34    1615.66   136786.24 
44        2250.00   626.94    1623.06   135163.18 
45        2250.00   619.50    1630.50   133532.68 
46        2250.00   612.02    1637.98   131894.70 
47        2250.00   604.52    1645.48   130249.22 
48        2250.00   596.98    1653.02   128596.20 
49        2250.00   589.40    1660.60   126935.60 
50        2250.00   581.79    1668.21   125267.39 
51        2250.00   574.14    1675.86   123591.53 
52        2250.00   566.46    1683.54   121907.99 
53        2250.00   558.74    1691.26   120216.73 
54        2250.00   550.99    1699.01   118517.73 
55        2250.00   543.21    1706.79   116810.93 
56        2250.00   535.38    1714.62   115096.32 
57        2250.00   527.52    1722.48   113373.84 
58        2250.00   519.63    1730.37   111643.47 
59        2250.00   511.70    1738.30   109905.17 
60        2250.00   503.73    1746.27   108158.90 
61        2250.00   495.73    1754.27   106404.63 
62        2250.00   487.69    1762.31   104642.32 
63        2250.00   479.61    1770.39   102871.93 
64        2250.00   471.50    1778.50   101093.43 
65        2250.00   463.34    1786.66   99306.77  
66        2250.00   455.16    1794.84   97511.93  
67        2250.00   446.93    1803.07   95708.86  
68        2250.00   438.67    1811.33   93897.52  
69        2250.00   430.36    1819.64   92077.89  
70        2250.00   422.02    1827.98   90249.91  
71        2250.00   413.65    1836.35   88413.55  
72        2250.00   405.23    1844.77   86568.78  
73        2250.00   396.77    1853.23   84715.56  
74        2250.00   388.28    1861.72   82853.84  
75        2250.00   379.75    1870.25   80983.58  
76        2250.00   371.17    1878.83   79104.76  
77        2250.00   362.56    1887.44   77217.32  
78        2250.00   353.91    1896.09   75321.23  
79        2250.00   345.22    1904.78   73416.46  
80        2250.00   336.49    1913.51   71502.95  
81        2250.00   327.72    1922.28   69580.67  
82        2250.00   318.91    1931.09   67649.58  
83        2250.00   310.06    1939.94   65709.64  
84        2250.00   301.17    1948.83   63760.81  
85        2250.00   292.24    1957.76   61803.05  
86        2250.00   283.26    1966.74   59836.31  
87        2250.00   274.25    1975.75   57860.56  
88        2250.00   265.19    1984.81   55875.76  
89        2250.00   256.10    1993.90   53881.85  
90        2250.00   246.96    2003.04   51878.81  
91        2250.00   237.78    2012.22   49866.59  
92        2250.00   228.56    2021.44   47845.15  
93        2250.00   219.29    2030.71   45814.44  
94        2250.00   209.98    2040.02   43774.42  
95        2250.00   200.63    2049.37   41725.05  
96        2250.00   191.24    2058.76   39666.29  
97        2250.00   181.80    2068.20   37598.10  
98        2250.00   172.32    2077.68   35520.42  
99        2250.00   162.80    2087.20   33433.22  
100       2250.00   153.24    2096.76   31336.46  
101       2250.00   143.63    2106.37   29230.08  
102       2250.00   133.97    2116.03   27114.05  
103       2250.00   124.27    2125.73   24988.33  
104       2250.00   114.53    2135.47   22852.86  
105       2250.00   104.74    2145.26   20707.60  
106       2250.00   94.91     2155.09   18552.51  
107       2250.00   85.03     2164.97   16387.54  
108       2250.00   75.11     2174.89   14212.65  
109       2250.00   65.14     2184.86   12027.79  
110       2250.00   55.13     2194.87   9832.92   
111       2250.00   45.07     2204.93   7627.99   
112       2250.00   34.96     2215.04   5412.95   
113       2250.00   24.81     2225.19   3187.76   
114       2250.00   14.61     2235.39   952.37    
115       952.37    4.37      948.00    0.00      

Total payments made: 115.
Total interest paid: $57456.73.

**************************************************

